2022-01-01,44560,8036,001,3849984000,1641027600,
2022-01-02,44561,8037,002,3850070400,1641114000,
2022-01-03,44562,8038,003,3850156800,1641200400,
2022-01-04,44563,8039,004,3850243200,1641286800,
2022-01-05,44564,8040,005,3850329600,1641373200,
2022-01-06,44565,8041,006,3850416000,1641459600,
2022-01-07,44566,8042,007,3850502400,1641546000,
2022-01-08,44567,8043,008,3850588800,1641632400,
2022-01-09,44568,8044,009,3850675200,1641718800,
2022-01-10,44569,8045,010,3850761600,1641805200,
2022-01-11,44570,8046,011,3850848000,1641891600,
2022-01-12,44571,8047,012,3850934400,1641978000,
2022-01-13,44572,8048,013,3851020800,1642064400,
2022-01-14,44573,8049,014,3851107200,1642150800,
2022-01-15,44574,8050,015,3851193600,1642237200,
2022-01-16,44575,8051,016,3851280000,1642323600,
2022-01-17,44576,8052,017,3851366400,1642410000,
2022-01-18,44577,8053,018,3851452800,1642496400,
2022-01-19,44578,8054,019,3851539200,1642582800,
2022-01-20,44579,8055,020,3851625600,1642669200,
2022-01-21,44580,8056,021,3851712000,1642755600,
2022-01-22,44581,8057,022,3851798400,1642842000,
2022-01-23,44582,8058,023,3851884800,1642928400,
2022-01-24,44583,8059,024,3851971200,1643014800,
2022-01-25,44584,8060,025,3852057600,1643101200,
2022-01-26,44585,8061,026,3852144000,1643187600,
2022-01-27,44586,8062,027,3852230400,1643274000,
2022-01-28,44587,8063,028,3852316800,1643360400,
2022-01-29,44588,8064,029,3852403200,1643446800,
2022-01-30,44589,8065,030,3852489600,1643533200,
2022-01-31,44590,8066,031,3852576000,1643619600,
2022-02-01,44591,8067,032,3852662400,1643706000,
2022-02-02,44592,8068,033,3852748800,1643792400,
2022-02-03,44593,8069,034,3852835200,1643878800,
2022-02-04,44594,8070,035,3852921600,1643965200,
2022-02-05,44595,8071,036,3853008000,1644051600,
2022-02-06,44596,8072,037,3853094400,1644138000,
2022-02-07,44597,8073,038,3853180800,1644224400,
2022-02-08,44598,8074,039,3853267200,1644310800,
2022-02-09,44599,8075,040,3853353600,1644397200,
2022-02-10,44600,8076,041,3853440000,1644483600,
2022-02-11,44601,8077,042,3853526400,1644570000,
2022-02-12,44602,8078,043,3853612800,1644656400,
2022-02-13,44603,8079,044,3853699200,1644742800,
2022-02-14,44604,8080,045,3853785600,1644829200,
2022-02-15,44605,8081,046,3853872000,1644915600,
2022-02-16,44606,8082,047,3853958400,1645002000,
2022-02-17,44607,8083,048,3854044800,1645088400,
2022-02-18,44608,8084,049,3854131200,1645174800,
2022-02-19,44609,8085,050,3854217600,1645261200,
2022-02-20,44610,8086,051,3854304000,1645347600,
2022-02-21,44611,8087,052,3854390400,1645434000,
2022-02-22,44612,8088,053,3854476800,1645520400,
2022-02-23,44613,8089,054,3854563200,1645606800,
2022-02-24,44614,8090,055,3854649600,1645693200,
2022-02-25,44615,8091,056,3854736000,1645779600,
2022-02-26,44616,8092,057,3854822400,1645866000,
2022-02-27,44617,8093,058,3854908800,1645952400,
2022-02-28,44618,8094,059,3854995200,1646038800,
2022-03-01,44619,8095,060,3855081600,1646125200,
2022-03-02,44620,8096,061,3855168000,1646211600,
2022-03-03,44621,8097,062,3855254400,1646298000,
2022-03-04,44622,8098,063,3855340800,1646384400,
2022-03-05,44623,8099,064,3855427200,1646470800,
2022-03-06,44624,8100,065,3855513600,1646557200,
2022-03-07,44625,8101,066,3855600000,1646643600,
2022-03-08,44626,8102,067,3855686400,1646730000,
2022-03-09,44627,8103,068,3855772800,1646816400,
2022-03-10,44628,8104,069,3855859200,1646902800,
2022-03-11,44629,8105,070,3855945600,1646989200,
2022-03-12,44630,8106,071,3856032000,1647075600,
2022-03-13,44631,8107,072,3856118400,1647162000,
2022-03-14,44632,8108,073,3856204800,1647248400,
2022-03-15,44633,8109,074,3856291200,1647334800,
2022-03-16,44634,8110,075,3856377600,1647421200,
2022-03-17,44635,8111,076,3856464000,1647507600,
2022-03-18,44636,8112,077,3856550400,1647594000,
2022-03-19,44637,8113,078,3856636800,1647680400,
2022-03-20,44638,8114,079,3856723200,1647766800,
2022-03-21,44639,8115,080,3856809600,1647853200,
2022-03-22,44640,8116,081,3856896000,1647939600,
2022-03-23,44641,8117,082,3856982400,1648026000,
2022-03-24,44642,8118,083,3857068800,1648112400,
2022-03-25,44643,8119,084,3857155200,1648198800,
2022-03-26,44644,8120,085,3857241600,1648285200,
2022-03-27,44645,8121,086,3857328000,1648371600,
2022-03-28,44646,8122,087,3857414400,1648458000,
2022-03-29,44647,8123,088,3857500800,1648544400,
2022-03-30,44648,8124,089,3857587200,1648630800,
2022-03-31,44649,8125,090,3857673600,1648717200,
2022-04-01,44650,8126,091,3857760000,1648803600,
2022-04-02,44651,8127,092,3857846400,1648890000,
2022-04-03,44652,8128,093,3857932800,1648976400,
2022-04-04,44653,8129,094,3858019200,1649062800,
2022-04-05,44654,8130,095,3858105600,1649149200,
2022-04-06,44655,8131,096,3858192000,1649235600,
2022-04-07,44656,8132,097,3858278400,1649322000,
2022-04-08,44657,8133,098,3858364800,1649408400,
2022-04-09,44658,8134,099,3858451200,1649494800,
2022-04-10,44659,8135,100,3858537600,1649581200,
2022-04-11,44660,8136,101,3858624000,1649667600,
2022-04-12,44661,8137,102,3858710400,1649754000,
2022-04-13,44662,8138,103,3858796800,1649840400,
2022-04-14,44663,8139,104,3858883200,1649926800,
2022-04-15,44664,8140,105,3858969600,1650013200,
2022-04-16,44665,8141,106,3859056000,1650099600,
2022-04-17,44666,8142,107,3859142400,1650186000,
2022-04-18,44667,8143,108,3859228800,1650272400,
2022-04-19,44668,8144,109,3859315200,1650358800,
2022-04-20,44669,8145,110,3859401600,1650445200,
2022-04-21,44670,8146,111,3859488000,1650531600,
2022-04-22,44671,8147,112,3859574400,1650618000,
2022-04-23,44672,8148,113,3859660800,1650704400,
2022-04-24,44673,8149,114,3859747200,1650790800,
2022-04-25,44674,8150,115,3859833600,1650877200,
2022-04-26,44675,8151,116,3859920000,1650963600,
2022-04-27,44676,8152,117,3860006400,1651050000,
2022-04-28,44677,8153,118,3860092800,1651136400,
2022-04-29,44678,8154,119,3860179200,1651222800,
2022-04-30,44679,8155,120,3860265600,1651309200,
2022-05-01,44680,8156,121,3860352000,1651395600,
2022-05-02,44681,8157,122,3860438400,1651482000,
2022-05-03,44682,8158,123,3860524800,1651568400,
2022-05-04,44683,8159,124,3860611200,1651654800,
2022-05-05,44684,8160,125,3860697600,1651741200,
2022-05-06,44685,8161,126,3860784000,1651827600,
2022-05-07,44686,8162,127,3860870400,1651914000,
2022-05-08,44687,8163,128,3860956800,1652000400,
2022-05-09,44688,8164,129,3861043200,1652086800,
2022-05-10,44689,8165,130,3861129600,1652173200,
2022-05-11,44690,8166,131,3861216000,1652259600,
2022-05-12,44691,8167,132,3861302400,1652346000,
2022-05-13,44692,8168,133,3861388800,1652432400,
2022-05-14,44693,8169,134,3861475200,1652518800,
2022-05-15,44694,8170,135,3861561600,1652605200,
2022-05-16,44695,8171,136,3861648000,1652691600,
2022-05-17,44696,8172,137,3861734400,1652778000,
2022-05-18,44697,8173,138,3861820800,1652864400,
2022-05-19,44698,8174,139,3861907200,1652950800,
2022-05-20,44699,8175,140,3861993600,1653037200,
2022-05-21,44700,8176,141,3862080000,1653123600,
2022-05-22,44701,8177,142,3862166400,1653210000,
2022-05-23,44702,8178,143,3862252800,1653296400,
2022-05-24,44703,8179,144,3862339200,1653382800,
2022-05-25,44704,8180,145,3862425600,1653469200,
2022-05-26,44705,8181,146,3862512000,1653555600,
2022-05-27,44706,8182,147,3862598400,1653642000,
2022-05-28,44707,8183,148,3862684800,1653728400,
2022-05-29,44708,8184,149,3862771200,1653814800,
2022-05-30,44709,8185,150,3862857600,1653901200,
2022-05-31,44710,8186,151,3862944000,1653987600,
2022-06-01,44711,8187,152,3863030400,1654074000,
2022-06-02,44712,8188,153,3863116800,1654160400,
2022-06-03,44713,8189,154,3863203200,1654246800,
2022-06-04,44714,8190,155,3863289600,1654333200,
2022-06-05,44715,8191,156,3863376000,1654419600,
2022-06-06,44716,8192,157,3863462400,1654506000,
2022-06-07,44717,8193,158,3863548800,1654592400,
2022-06-08,44718,8194,159,3863635200,1654678800,
2022-06-09,44719,8195,160,3863721600,1654765200,
2022-06-10,44720,8196,161,3863808000,1654851600,
2022-06-11,44721,8197,162,3863894400,1654938000,
2022-06-12,44722,8198,163,3863980800,1655024400,
2022-06-13,44723,8199,164,3864067200,1655110800,
2022-06-14,44724,8200,165,3864153600,1655197200,
2022-06-15,44725,8201,166,3864240000,1655283600,
2022-06-16,44726,8202,167,3864326400,1655370000,
2022-06-17,44727,8203,168,3864412800,1655456400,
2022-06-18,44728,8204,169,3864499200,1655542800,
2022-06-19,44729,8205,170,3864585600,1655629200,
2022-06-20,44730,8206,171,3864672000,1655715600,
2022-06-21,44731,8207,172,3864758400,1655802000,
2022-06-22,44732,8208,173,3864844800,1655888400,
2022-06-23,44733,8209,174,3864931200,1655974800,
2022-06-24,44734,8210,175,3865017600,1656061200,
2022-06-25,44735,8211,176,3865104000,1656147600,
2022-06-26,44736,8212,177,3865190400,1656234000,
2022-06-27,44737,8213,178,3865276800,1656320400,
2022-06-28,44738,8214,179,3865363200,1656406800,
2022-06-29,44739,8215,180,3865449600,1656493200,
2022-06-30,44740,8216,181,3865536000,1656579600,
2022-07-01,44741,8217,182,3865622400,1656666000,
2022-07-02,44742,8218,183,3865708800,1656752400,
2022-07-03,44743,8219,184,3865795200,1656838800,
2022-07-04,44744,8220,185,3865881600,1656925200,
2022-07-05,44745,8221,186,3865968000,1657011600,
2022-07-06,44746,8222,187,3866054400,1657098000,
2022-07-07,44747,8223,188,3866140800,1657184400,
2022-07-08,44748,8224,189,3866227200,1657270800,
2022-07-09,44749,8225,190,3866313600,1657357200,
2022-07-10,44750,8226,191,3866400000,1657443600,
2022-07-11,44751,8227,192,3866486400,1657530000,
2022-07-12,44752,8228,193,3866572800,1657616400,
2022-07-13,44753,8229,194,3866659200,1657702800,
2022-07-14,44754,8230,195,3866745600,1657789200,
2022-07-15,44755,8231,196,3866832000,1657875600,
2022-07-16,44756,8232,197,3866918400,1657962000,
2022-07-17,44757,8233,198,3867004800,1658048400,
2022-07-18,44758,8234,199,3867091200,1658134800,
2022-07-19,44759,8235,200,3867177600,1658221200,
2022-07-20,44760,8236,201,3867264000,1658307600,
2022-07-21,44761,8237,202,3867350400,1658394000,
2022-07-22,44762,8238,203,3867436800,1658480400,
2022-07-23,44763,8239,204,3867523200,1658566800,
2022-07-24,44764,8240,205,3867609600,1658653200,
2022-07-25,44765,8241,206,3867696000,1658739600,
2022-07-26,44766,8242,207,3867782400,1658826000,
2022-07-27,44767,8243,208,3867868800,1658912400,
2022-07-28,44768,8244,209,3867955200,1658998800,
2022-07-29,44769,8245,210,3868041600,1659085200,
2022-07-30,44770,8246,211,3868128000,1659171600,
2022-07-31,44771,8247,212,3868214400,1659258000,
2022-08-01,44772,8248,213,3868300800,1659344400,
2022-08-02,44773,8249,214,3868387200,1659430800,
2022-08-03,44774,8250,215,3868473600,1659517200,
2022-08-04,44775,8251,216,3868560000,1659603600,
2022-08-05,44776,8252,217,3868646400,1659690000,
2022-08-06,44777,8253,218,3868732800,1659776400,
2022-08-07,44778,8254,219,3868819200,1659862800,
2022-08-08,44779,8255,220,3868905600,1659949200,
2022-08-09,44780,8256,221,3868992000,1660035600,
2022-08-10,44781,8257,222,3869078400,1660122000,
2022-08-11,44782,8258,223,3869164800,1660208400,
2022-08-12,44783,8259,224,3869251200,1660294800,
2022-08-13,44784,8260,225,3869337600,1660381200,
2022-08-14,44785,8261,226,3869424000,1660467600,
2022-08-15,44786,8262,227,3869510400,1660554000,
2022-08-16,44787,8263,228,3869596800,1660640400,
2022-08-17,44788,8264,229,3869683200,1660726800,
2022-08-18,44789,8265,230,3869769600,1660813200,
2022-08-19,44790,8266,231,3869856000,1660899600,
2022-08-20,44791,8267,232,3869942400,1660986000,
2022-08-21,44792,8268,233,3870028800,1661072400,
2022-08-22,44793,8269,234,3870115200,1661158800,
2022-08-23,44794,8270,235,3870201600,1661245200,
2022-08-24,44795,8271,236,3870288000,1661331600,
2022-08-25,44796,8272,237,3870374400,1661418000,
2022-08-26,44797,8273,238,3870460800,1661504400,
2022-08-27,44798,8274,239,3870547200,1661590800,
2022-08-28,44799,8275,240,3870633600,1661677200,
2022-08-29,44800,8276,241,3870720000,1661763600,
2022-08-30,44801,8277,242,3870806400,1661850000,
2022-08-31,44802,8278,243,3870892800,1661936400,
2022-09-01,44803,8279,244,3870979200,1662022800,
2022-09-02,44804,8280,245,3871065600,1662109200,
2022-09-03,44805,8281,246,3871152000,1662195600,
2022-09-04,44806,8282,247,3871238400,1662282000,
2022-09-05,44807,8283,248,3871324800,1662368400,
2022-09-06,44808,8284,249,3871411200,1662454800,
2022-09-07,44809,8285,250,3871497600,1662541200,
2022-09-08,44810,8286,251,3871584000,1662627600,
2022-09-09,44811,8287,252,3871670400,1662714000,
2022-09-10,44812,8288,253,3871756800,1662800400,
2022-09-11,44813,8289,254,3871843200,1662886800,
2022-09-12,44814,8290,255,3871929600,1662973200,
2022-09-13,44815,8291,256,3872016000,1663059600,
2022-09-14,44816,8292,257,3872102400,1663146000,
2022-09-15,44817,8293,258,3872188800,1663232400,
2022-09-16,44818,8294,259,3872275200,1663318800,
2022-09-17,44819,8295,260,3872361600,1663405200,
2022-09-18,44820,8296,261,3872448000,1663491600,
2022-09-19,44821,8297,262,3872534400,1663578000,
2022-09-20,44822,8298,263,3872620800,1663664400,
2022-09-21,44823,8299,264,3872707200,1663750800,
2022-09-22,44824,8300,265,3872793600,1663837200,
2022-09-23,44825,8301,266,3872880000,1663923600,
2022-09-24,44826,8302,267,3872966400,1664010000,
2022-09-25,44827,8303,268,3873052800,1664096400,
2022-09-26,44828,8304,269,3873139200,1664182800,
2022-09-27,44829,8305,270,3873225600,1664269200,
2022-09-28,44830,8306,271,3873312000,1664355600,
2022-09-29,44831,8307,272,3873398400,1664442000,
2022-09-30,44832,8308,273,3873484800,1664528400,
2022-10-01,44833,8309,274,3873571200,1664614800,
2022-10-02,44834,8310,275,3873657600,1664701200,
2022-10-03,44835,8311,276,3873744000,1664787600,
2022-10-04,44836,8312,277,3873830400,1664874000,
2022-10-05,44837,8313,278,3873916800,1664960400,
2022-10-06,44838,8314,279,3874003200,1665046800,
2022-10-07,44839,8315,280,3874089600,1665133200,
2022-10-08,44840,8316,281,3874176000,1665219600,
2022-10-09,44841,8317,282,3874262400,1665306000,
2022-10-10,44842,8318,283,3874348800,1665392400,
2022-10-11,44843,8319,284,3874435200,1665478800,
2022-10-12,44844,8320,285,3874521600,1665565200,
2022-10-13,44845,8321,286,3874608000,1665651600,
2022-10-14,44846,8322,287,3874694400,1665738000,
2022-10-15,44847,8323,288,3874780800,1665824400,
2022-10-16,44848,8324,289,3874867200,1665910800,
2022-10-17,44849,8325,290,3874953600,1665997200,
2022-10-18,44850,8326,291,3875040000,1666083600,
2022-10-19,44851,8327,292,3875126400,1666170000,
2022-10-20,44852,8328,293,3875212800,1666256400,
2022-10-21,44853,8329,294,3875299200,1666342800,
2022-10-22,44854,8330,295,3875385600,1666429200,
2022-10-23,44855,8331,296,3875472000,1666515600,
2022-10-24,44856,8332,297,3875558400,1666602000,
2022-10-25,44857,8333,298,3875644800,1666688400,
2022-10-26,44858,8334,299,3875731200,1666774800,
2022-10-27,44859,8335,300,3875817600,1666861200,
2022-10-28,44860,8336,301,3875904000,1666947600,
2022-10-29,44861,8337,302,3875990400,1667034000,
2022-10-30,44862,8338,303,3876076800,1667120400,
2022-10-31,44863,8339,304,3876163200,1667206800,
2022-11-01,44864,8340,305,3876249600,1667293200,
2022-11-02,44865,8341,306,3876336000,1667379600,
2022-11-03,44866,8342,307,3876422400,1667466000,
2022-11-04,44867,8343,308,3876508800,1667552400,
2022-11-05,44868,8344,309,3876595200,1667638800,
2022-11-06,44869,8345,310,3876681600,1667725200,
2022-11-07,44870,8346,311,3876768000,1667811600,
2022-11-08,44871,8347,312,3876854400,1667898000,
2022-11-09,44872,8348,313,3876940800,1667984400,
2022-11-10,44873,8349,314,3877027200,1668070800,
2022-11-11,44874,8350,315,3877113600,1668157200,
2022-11-12,44875,8351,316,3877200000,1668243600,
2022-11-13,44876,8352,317,3877286400,1668330000,
2022-11-14,44877,8353,318,3877372800,1668416400,
2022-11-15,44878,8354,319,3877459200,1668502800,
2022-11-16,44879,8355,320,3877545600,1668589200,
2022-11-17,44880,8356,321,3877632000,1668675600,
2022-11-18,44881,8357,322,3877718400,1668762000,
2022-11-19,44882,8358,323,3877804800,1668848400,
2022-11-20,44883,8359,324,3877891200,1668934800,
2022-11-21,44884,8360,325,3877977600,1669021200,
2022-11-22,44885,8361,326,3878064000,1669107600,
2022-11-23,44886,8362,327,3878150400,1669194000,
2022-11-24,44887,8363,328,3878236800,1669280400,
2022-11-25,44888,8364,329,3878323200,1669366800,
2022-11-26,44889,8365,330,3878409600,1669453200,
2022-11-27,44890,8366,331,3878496000,1669539600,
2022-11-28,44891,8367,332,3878582400,1669626000,
2022-11-29,44892,8368,333,3878668800,1669712400,
2022-11-30,44893,8369,334,3878755200,1669798800,
2022-12-01,44894,8370,335,3878841600,1669885200,
2022-12-02,44895,8371,336,3878928000,1669971600,
2022-12-03,44896,8372,337,3879014400,1670058000,
2022-12-04,44897,8373,338,3879100800,1670144400,
2022-12-05,44898,8374,339,3879187200,1670230800,
2022-12-06,44899,8375,340,3879273600,1670317200,
2022-12-07,44900,8376,341,3879360000,1670403600,
2022-12-08,44901,8377,342,3879446400,1670490000,
2022-12-09,44902,8378,343,3879532800,1670576400,
2022-12-10,44903,8379,344,3879619200,1670662800,
2022-12-11,44904,8380,345,3879705600,1670749200,
2022-12-12,44905,8381,346,3879792000,1670835600,
2022-12-13,44906,8382,347,3879878400,1670922000,
2022-12-14,44907,8383,348,3879964800,1671008400,
2022-12-15,44908,8384,349,3880051200,1671094800,
2022-12-16,44909,8385,350,3880137600,1671181200,
2022-12-17,44910,8386,351,3880224000,1671267600,
2022-12-18,44911,8387,352,3880310400,1671354000,
2022-12-19,44912,8388,353,3880396800,1671440400,
2022-12-20,44913,8389,354,3880483200,1671526800,
2022-12-21,44914,8390,355,3880569600,1671613200,
2022-12-22,44915,8391,356,3880656000,1671699600,
2022-12-23,44916,8392,357,3880742400,1671786000,
2022-12-24,44917,8393,358,3880828800,1671872400,
2022-12-25,44918,8394,359,3880915200,1671958800,
2022-12-26,44919,8395,360,3881001600,1672045200,
2022-12-27,44920,8396,361,3881088000,1672131600,
2022-12-28,44921,8397,362,3881174400,1672218000,
2022-12-29,44922,8398,363,3881260800,1672304400,
2022-12-30,44923,8399,364,3881347200,1672390800,
2022-12-31,44924,8400,365,3881433600,1672477200,
